17.14185348836207,19.08840879885119,1
27.923548627364617,24.268181949002212,1
20.93282593270022,19.639672677580553,1
21.997940303580023,15.416525930767083,1
12.667779169733066,16.800228493126475,1
22.177886408430346,25.590779086314747,1
20.803555775588748,15.064992592151663,1
17.93540513657946,15.446161174356572,1
21.994596457410232,20.146918249671554,1
26.63297124382815,22.236893488422925,1
19.50107277366383,21.936768345161727,1
27.998833749203595,20.136596678589125,1
16.465723297409205,23.536790662383616,1
21.669575008717473,18.89885546349898,1
20.0,20.0,1
18.19235621643388,17.605751902635244,1
26.27265438739606,26.453976056376483,1
20.68864356777377,20.725100018317345,1
22.21850682489989,24.480873516165413,1
23.96554188168298,25.76840338261968,1
15.74984173524436,15.764890234653969,1
21.416405137663332,27.873613940624782,1
23.673493506412864,23.391967785569687,1
20.86234166148565,22.87338943738334,1
20.944817991629968,20.327595730577052,1
23.383576514046396,11.660251204407077,1
19.070840966336714,20.369680253951852,1
22.056955558415297,16.569412028426555,1
23.233219976770375,12.682467042656182,1
25.412460439855742,12.809362198872996,1
20.279700816581123,17.01306721649049,1
24.754075541540033,27.64190851458789,1
12.938627409866914,14.419944700693627,1
17.60441238890193,24.38875380917561,1
24.337694927123515,22.486845937971818,1
25.983606842599507,20.44322584897134,1
24.36182048930426,27.87238985436351,1
23.327653874123868,17.780378479553686,1
21.18275711063448,21.612788150143587,1
23.986470550996163,14.24604027246972,1
19.28433526113598,20.698443971658925,1
20.97775961972009,19.790271303716384,1
20.0,20.0,1
19.150626721702984,19.472207394789415,1
21.960112441970203,19.602559168134913,1
20.0,20.0,1
18.954298082033407,23.860894650046927,1
18.022273099081893,19.702348684893106,1
17.023204443727835,20.37240866821047,1
16.600690020759682,16.333299621589298,1
18.646011210320378,15.186818686417276,1
18.199599586171118,17.600300362569353,1
13.457054513675503,17.51205619778382,1
16.016839402732007,20.36664922797095,1
19.194400485490835,19.40753951842963,1
21.18711976578403,18.390420346275192,1
19.6394470597331,18.032768041825037,1
24.895722614048644,13.672923259016631,1
15.91414645381879,24.39383668325968,1
25.58681781350964,17.811971956612215,1
26.354156887728806,22.936782294642995,1
20.995033176099003,20.099543851956458,1
15.319529596427484,25.205112563747466,1
20.524109467098928,25.977065272062642,1
24.04905327001287,15.572227691423361,1
18.20719654338711,20.88648506245558,1
21.434616605391128,18.606488178903373,1
22.12654024816468,23.387894120679643,1
20.773013598496533,18.155426885011213,1
23.085337766626616,25.145939259826868,1
12.047525722459833,19.129280260323682,1
21.9935034606042,20.161071265466838,1
20.0,20.0,1
19.412829865314,20.8094635463891,1
18.17801903613274,17.61664409554399,1
25.801856929358248,21.529201154609062,1
23.077545903258216,12.615644157183475,1
23.634079411774685,27.126953544742335,1
12.158899514751063,18.41344928217567,1
16.523918024127116,21.979104367387343,1
21.989488508737537,14.33944035685505,1
20.0,20.0,1
20.20757123179798,19.021780094390905,1
20.0,20.0,1
16.89980470229256,25.137001957958812,1
20.96835698593725,20.249569124265264,1
27.4463874079077,22.924263081761563,1
12.189363897867219,21.73030739467299,1
14.81314328750575,24.700693293978382,1
24.578699460639196,25.294857056535363,1
14.327061846778133,24.100947781881608,1
21.716289160795135,21.026816203873476,1
21.924872900363567,15.385364118649669,1
19.923084011809227,18.001479564587683,1
23.944845415664894,19.33803727710115,1
20.896751779479917,25.93260787900225,1
14.479382615362441,25.789886328110214,1
21.51594575526186,21.304572139478513,1
20.552189648192122,18.07773919760365,1
24.818138223990868,21.336242513362798,1
12.008549008436628,20.369744573240503,1
58.00020647289949,62.23625263531805,1
60.0,60.0,1
59.30626259423673,60.720228027672384,1
59.907774366247935,63.998936662724105,1
59.28505807744367,60.69918384375746,1
60.899755266996614,58.21381958931583,1
60.97032867203031,59.75821028095493,1
61.25194208092798,57.27371295971945,1
60.04292207542614,59.00092157693146,1
61.221755276025846,61.583450045155516,1
58.84089093838201,62.76703201703108,1
56.75669004133644,57.65885914306,1
57.44329765150876,63.07624334232833,1
60.99891198210085,59.95336469132348,1
58.000536142313116,60.04630639052958,1
59.11293154374188,61.79251486853299,1
60.0,60.0,1
57.00174420964646,59.89771502744057,1
61.63531702219929,57.4848979668997,1
59.1359337111654,59.49662196263683,1
63.098170254874375,57.46991283315937,1
60.0,60.0,1
58.02576500435458,59.68000596572913,1
63.21884367462644,62.374667428992396,1
60.0,60.0,1
60.538315489235565,57.04869241961312,1
59.617109265957495,63.98163216354605,1
63.496769861944955,58.05768166033643,1
59.00002562947155,60.00715948924393,1
60.95785194256711,59.712737652797294,1
63.16689550939036,62.443516489120384,1
59.293393755969404,60.707606964279584,1
57.53331336617143,58.292529048419425,1
60.9717045798278,62.83827239875627,1
60.0,60.0,1
61.57568589519737,58.76824760618212,1
60.16480902612679,60.98632549642962,1
60.0,60.0,1
60.0,60.0,1
60.0,60.0,1
61.16388204445304,57.23497222679413,1
61.92554300087579,59.45936689726002,1
59.67691637005026,58.0262682634009,1
59.91840137345064,58.001665277250765,1
60.264474496367036,61.982436188322694,1
60.31766986071807,58.02538969424563,1
59.74585738550937,57.010784127651554,1
60.0,60.0,1
61.66296731137907,58.88890156993871,1
59.43728265699772,59.173350623368975,1
59.81319012800704,61.99125640531951,1
58.040869703797405,56.512621545845484,1
60.21252226213757,62.99246291340359,1
60.0,60.0,1
58.0024330150514,60.09862119773845,1
60.0,60.0,1
61.336990399238765,62.68560173375416,1
60.0,60.0,1
61.80454341408413,62.39658571027318,1
60.0,60.0,1
59.29510849055839,60.7093151344199,1
63.98153331335056,60.383917275828686,1
61.90125421931783,57.67938965064659,1
62.99344348981827,60.19823237188875,1
60.0294626445727,60.9995658820582,1
60.94246576105848,63.887384504938055,1
61.65080641739132,62.50496270876427,1
56.121014191579086,60.97645742255828,1
60.0,60.0,1
59.5792422282713,60.90717302513352,1
59.74011782373876,59.034359666096265,1
62.79979478794385,61.07756630673125,1
60.472559925211804,62.96254740334797,1
56.00070789256116,60.07525051081152,1
63.5677368749034,58.191339282381996,1
62.39110076589248,63.20665513071617,1
59.02096182466185,60.20367683037243,1
56.870778015759164,57.50842022537029,1
60.0,60.0,1
57.037137932954934,62.687275269053295,1
62.60392489799877,56.96362467313705,1
57.43774585967406,56.928379300697664,1
60.0,60.0,1
56.010292254867295,59.71323858622876,1
59.057986188177786,59.66442589739942,1
60.9841796806114,59.822826761976735,1
59.56931558550068,59.09749740437638,1
59.0185894326179,60.1919200308221,1
60.0,60.0,1
59.92446997335966,59.0028564721788,1
59.68093125036955,63.987254084330374,1
57.52714805588232,56.85595749671328,1
59.37127129277886,56.049721501879134,1
63.8248164167647,61.17080287753629,1
60.604713134962495,60.79644335919375,1
63.23411952233001,62.35382049342848,1
61.84471581085194,60.77267300793601,1
61.975005582006816,59.68479696853945,1
60.16846967619571,60.98570683684476,1
62.22079312294298,56.67312790971922,1
60.0,60.0,1
